(9.369802e-13 9.478301e-13 9.811556e-13 1.0248216e-12 1.0942645e-12
 1.2030126e-12 1.2852697e-12 1.3780957e-12 1.4268498e-12 1.5390225e-12
 1.5991237e-12 1.7505151e-12 1.8080721e-12 1.866844e-12 1.8890336e-12
 1.9796614e-12 2.117671e-12 2.1574047e-12 2.2470912e-12 2.481834e-12
 2.5639972e-12 2.6023849e-12 2.6336327e-12 2.7401013e-12 2.8211329e-12
 2.9799635e-12 3.0226399e-12 3.183313e-12 3.4207721e-12 3.4725773e-12
 3.807405e-12 3.8755887e-12 3.9397812e-12 3.991236e-12 4.094019e-12
 4.476646e-12 4.6284036e-12 4.9135843e-12 5.1053614e-12 5.243959e-12
 5.362975e-12 5.547826e-12 5.780469e-12 5.8551918e-12 6.9355537e-12
 7.055572e-12 7.2467943e-12 7.326909e-12 7.4346675e-12 7.926123e-12
 8.096239e-12 8.446964e-12 8.827094e-12 9.054253e-12 9.540997e-12 1.0333726e-11
 1.1376283e-11 1.1532542e-11 1.19856425e-11 1.2219185e-11 1.2982793e-11
 1.3558054e-11 1.4447897e-11 1.4981008e-11 1.5624134e-11 1.6201004e-11
 1.714199e-11 1.832303e-11 1.9070133e-11 2.0496075e-11 2.2291096e-11
 2.3720508e-11 2.4972326e-11 2.5938274e-11 2.6552188e-11 2.705364e-11
 2.8743655e-11 3.0099555e-11 3.651735e-11 3.7461336e-11 4.15775e-11
 4.244158e-11 4.5452548e-11 4.5945858e-11 4.7655154e-11 5.0484276e-11
 5.1890953e-11 5.6116077e-11 5.704174e-11 5.768642e-11 5.841358e-11
 5.950396e-11 6.210918e-11 6.363505e-11 6.516059e-11 7.069863e-11 7.17257e-11
 7.501543e-11 8.000612e-11 8.1633277e-11 8.961185e-11 9.412252e-11
 1.01960475e-10 1.0692508e-10 1.0811249e-10 1.1007858e-10 1.1882544e-10
 1.2717455e-10 1.2845737e-10 1.3132577e-10 1.4309363e-10 1.4566943e-10
 1.5399113e-10 1.6517507e-10 1.6776305e-10 1.7211475e-10 1.769598e-10
 1.8345304e-10 1.8557672e-10 2.0313329e-10 2.1001702e-10 2.1793181e-10
 2.285007e-10 2.3221079e-10 2.393135e-10 2.525233e-10 2.618148e-10 2.728229e-10
 2.8975816e-10 2.93067e-10 3.4554523e-10 3.502261e-10 3.6340075e-10
 3.6759584e-10 3.81902e-10 3.910523e-10 4.001839e-10 4.0947667e-10
 4.3472165e-10 4.4754958e-10 4.707032e-10 4.9601173e-10 5.1551824e-10
 5.2548177e-10 5.341313e-10 5.422887e-10 5.6016036e-10 6.0588684e-10
 6.296147e-10 6.4463557e-10 6.793063e-10 6.9362255e-10 7.0081024e-10
 7.5950646e-10 7.821333e-10 7.9144274e-10 8.347817e-10 8.582353e-10
 8.669592e-10 8.8440943e-10 9.0940766e-10 9.418526e-10 9.624747e-10
 9.747081e-10 9.849047e-10 1.0130967e-9 1.0449221e-9 1.0661693e-9 1.1166454e-9
 1.2009719e-9 1.2271025e-9 1.2783771e-9 1.3362018e-9 1.358408e-9 1.3740539e-9
 1.408121e-9 1.457305e-9 1.501295e-9 1.5293358e-9 1.5563584e-9 1.5837162e-9
 1.6950088e-9 1.7328587e-9 1.779036e-9 1.8078611e-9 1.8686694e-9 1.9221673e-9
 1.9608053e-9 2.296766e-9 2.50632e-9 2.7161635e-9 3.4770344e-9 3.979466e-9
 4.780275e-9 5.205946e-9 5.854094e-9 6.1128183e-9 6.4544303e-9 7.0041652e-9
 7.2993704e-9 7.667107e-9 8.684374e-9 9.03234e-9 9.172797e-9 9.329796e-9
 1.0751229e-8 1.306286e-8 1.5180294e-8 1.6191295e-8 1.6377708e-8 1.6600957e-8
 1.814704e-8 1.9234285e-8 1.9875888e-8 2.1066173e-8 2.2582228e-8 2.393423e-8
 2.7286791e-8 2.8182594e-8 2.8915315e-8 3.4599847e-8 3.703906e-8 4.256306e-8
 4.7608534e-8 4.8877443e-8 6.1586995e-8 6.641053e-8 6.995772e-8 7.1468925e-8
 8.608021e-8 8.740883e-8 9.45713e-8 1.076147e-7 1.192569e-7 1.2251182e-7
 1.3335509e-7 1.3640212e-7 1.9660972e-7 2.375695e-7 2.5942714e-7 2.6300725e-7
 2.8331124e-7 3.0509665e-7 3.0959228e-7 3.299711e-7 5.2854216e-7 5.941135e-7
 6.0670607e-7 6.739142e-7 7.2237606e-7 7.4151296e-7 7.601515e-7 8.065681e-7
 8.6934494e-7 8.929983e-7 9.100008e-7 9.1962056e-7 9.986709e-7 1.1276092e-6
 1.3054182e-6 1.3848024e-6 1.5157747e-6 1.629634e-6 1.6549219e-6 1.6900782e-6
 1.7116913e-6 1.7867787e-6 1.8351445e-6 1.8759791e-6 1.9666347e-6 2.233904e-6
 2.3041268e-6 2.3392145e-6 2.3700281e-6 2.4643407e-6 2.5398047e-6 2.6210262e-6
 3.1254215e-6 3.398936e-6 3.5115047e-6 3.7016696e-6 3.848065e-6 4.0012296e-6
 4.1282333e-6 4.5393404e-6 4.7696717e-6 5.0615777e-6 5.2497826e-6 5.408652e-6
 5.5639716e-6 5.970009e-6 6.257943e-6 6.360317e-6 7.962763e-6 8.2363695e-6
 8.482827e-6 1.05164545e-5 1.0952278e-5 1.1512256e-5 1.2864637e-5 1.3879655e-5
 1.5421625e-5 1.6484446e-5 1.7235181e-5 1.8575241e-5 2.0492576e-5 2.162427e-5
 2.2146187e-5 2.2825547e-5 2.5432959e-5 2.6386198e-5 2.7658407e-5 2.8138013e-5
 3.108029e-5 3.4282686e-5 3.5131834e-5 3.7433478e-5 4.267815e-5 4.579849e-5
 5.3365642e-5 6.57766e-5 7.378254e-5 7.749208e-5 9.5790594e-5 9.686585e-5
 1.0121877e-4 1.0461647e-4 1.05695435e-4 1.0791775e-4 1.12651374e-4
 1.1723598e-4 1.20610195e-4 1.3949559e-4 1.5111425e-4 1.5419103e-4 1.6577305e-4
 1.7907377e-4 1.9173414e-4 2.0462826e-4 2.264253e-4 2.400327e-4 2.612343e-4
 3.8693962e-4 3.9248815e-4 4.3551525e-4 6.1342586e-4 6.70095e-4 7.055168e-4
 8.0465636e-4 8.395624e-4 9.333158e-4 9.5399696e-4 0.0010219796 0.001126805
 0.0012891415 0.001510323 0.0016085786 0.0016753946 0.0018066162 0.002047862
 0.0023461354 0.003239094 0.0035205728 0.0036089472 0.004326179 0.0047231712
 0.005185017 0.0053870887 0.006155964 0.006253616 0.00772744 0.011284422
 0.01141035 0.0116329035 0.012428281 0.01332599 0.014480838 0.014805641
 0.014988801 0.015652757 0.016145362 0.018497536 0.018766714 0.019252885
 0.019841528 0.021767166 0.023320245 0.02523088 0.026805198 0.03149504
 0.03394193 0.03712269 0.03897141 0.042719305 0.045460608 0.04656842 0.04918175
 0.06795783 0.108290546 0.11351227)